image: ./map_peter.pgm
resolution: 0.0440000
origin: [-6.000000, -4.300000, 0.000000]
negate: 0
occupied_thresh: 0.65
free_thresh: 0.196

